Starting Amplitude (Radians)	Period	Uncertainty X	Uncertianty Y
1.570796327 1.181 0.0175 0.087
1.396263402 1.158 0.0175 0.087
1.221730477 1.132 0.0175 0.087
1.047197551 1.145 0.0175 0.087
0.8726646261 1.137 0.0175 0.087
0.6981317009 1.15 0.0175 0.087
0.5235987757 1.128 0.0175 0.087
0.3490658504 1.117 0.0175 0.087
0.1745329252 1.115 0.0175 0.087
-0.1745329252 1.121 0.0175 0.087
-0.3490658504 1.14 0.0175 0.087
-0.5235987757 1.131 0.0175 0.087
-0.6981317009 1.119 0.0175 0.087
-0.8726646261 1.125 0.0175 0.087
-1.047197551 1.147 0.0175 0.087
-1.221730477 1.144 0.0175 0.087
-1.396263402 1.157 0.0175 0.087
-1.570796327 1.159 0.0175 0.087